# Nota: C-Order, 1 refers to the Y axis, 2 to the X axis 
# Calibration done at Wed Oct 20 13:23:39 2021
poni_version: 2
Detector: Detector
Detector_config: {"pixel1": 7.5e-05, "pixel2": 7.5e-05, "max_shape": [1102, 1030]}
Distance: 0.16384689980343695
Poni1: 0.062371075568674
Poni2: 0.03585263745525957
Rot1: 0.0
Rot2: 0.0
Rot3: 0.0
Wavelength: 1.54185e-10
