# Nota: C-Order, 1 refers to the Y axis, 2 to the X axis 
# Calibration done at Fri Oct 22 17:28:08 2021
poni_version: 2
Detector: Detector
Detector_config: {"pixel1": 7.5e-05, "pixel2": 7.5e-05, "max_shape": [1102, 3070]}
Distance: 0.16365336984842468
Poni1: 0.02023723666925709
Poni2: 0.11782868015074022
Rot1: 0.0
Rot2: 0.0
Rot3: 0.0
Wavelength: 1.54185e-10
