# Nota: C-Order, 1 refers to the Y axis, 2 to the X axis 
# Calibration done at Fri Oct 29 13:20:35 2021
poni_version: 2
Detector: Eiger_stitch
Detector_config: {}
Distance: 0.16398329658684627
Poni1: 0.020270468250315837
Poni2: 0.117832662446095
Rot1: 0.0
Rot2: 0.0
Rot3: 0.0
Wavelength: 1.54185e-10
