PixelSize1: 7.5e-05
PixelSize2: 7.5e-05
Distance: 0.16365
Poni1: 0.020319
Poni2: 0.11231924999999998
Rot1: 0.0
Rot2: 0.0
Rot3: 0.0
Wavelength: 1.54e-10